101.0	0
101.0	3
102.0	0
102.0	1
104.0	0
104.0	1
105.0	0
105.0	2
106.0	0
106.0	2
107.0	0
107.0	3
108.0	0
108.0	1
110.0	0
110.0	1
111.0	0
111.0	1
112.0	0
112.0	1
113.0	0
113.0	1
114.0	0
114.0	3
117.0	0
117.0	1
118.0	0
118.0	1
120.0	0
120.0	4
126.0	0
126.0	2
127.0	0
127.0	2
128.0	0
128.0	1
129.0	0
129.0	1
131.0	0
131.0	1
132.0	0
132.0	1
135.0	0
135.0	2
138.0	0
138.0	2
139.0	0
139.0	2
143.0	0
143.0	1
146.0	0
146.0	1
147.0	0
147.0	1
148.0	0
148.0	1
152.0	0
152.0	2
153.0	0
153.0	2
155.0	0
155.0	1
157.0	0
157.0	1
159.0	0
159.0	1
160.0	0
160.0	1
161.0	0
161.0	1
162.0	0
162.0	1
164.0	0
164.0	1
167.0	0
167.0	1
168.0	0
168.0	2
169.0	0
169.0	1
171.0	0
171.0	1
172.0	0
172.0	3
173.0	0
173.0	1
174.0	0
174.0	1
178.0	0
178.0	1
180.0	0
180.0	1
182.0	0
182.0	1
183.0	0
183.0	2
191.0	0
191.0	1
192.0	0
192.0	2
195.0	0
195.0	2
200.0	0
200.0	1
203.0	0
203.0	1
205.0	0
205.0	1
210.0	0
210.0	1
213.0	0
213.0	3
217.0	0
217.0	1
218.0	0
218.0	3
220.0	0
220.0	1
222.0	0
222.0	1
223.0	0
223.0	1
225.0	0
225.0	1
226.0	0
226.0	1
228.0	0
228.0	2
230.0	0
230.0	1
231.0	0
231.0	1
236.0	1
236.0	1
237.0	0
237.0	3
239.0	0
239.0	1
240.0	0
240.0	1
241.0	0
241.0	3
244.0	0
244.0	1
246.0	0
246.0	1
248.0	0
248.0	1
250.0	0
250.0	2
251.0	0
251.0	2
252.0	0
252.0	1
253.0	0
253.0	1
254.0	0
254.0	1
259.0	0
259.0	2
261.0	0
261.0	1
263.0	0
263.0	1
264.0	0
264.0	1
265.0	0
265.0	1
267.0	0
267.0	1
268.0	0
268.0	1
269.0	0
269.0	1
271.0	0
271.0	2
273.0	1
273.0	2
277.0	0
277.0	3
278.0	0
278.0	1
279.0	0
279.0	1
280.0	0
280.0	1
282.0	0
282.0	3
284.0	0
284.0	1
286.0	0
286.0	1
288.0	0
288.0	1
289.0	0
289.0	1
290.0	0
290.0	2
292.0	0
292.0	1
294.0	0
294.0	1
295.0	0
295.0	2
296.0	0
296.0	1
299.0	0
299.0	2
304.0	0
304.0	1
305.0	0
305.0	1
306.0	0
306.0	1
308.0	0
308.0	1
309.0	0
309.0	4
310.0	0
310.0	2
311.0	0
311.0	1
312.0	0
312.0	3
313.0	0
313.0	1
314.0	0
314.0	1
316.0	0
316.0	1
318.0	0
318.0	1
321.0	0
321.0	2
322.0	0
322.0	1
323.0	0
323.0	1
324.0	0
324.0	1
325.0	0
325.0	2
327.0	0
327.0	1
328.0	0
328.0	2
329.0	0
329.0	1
332.0	0
332.0	2
335.0	0
335.0	2
336.0	0
336.0	1
338.0	0
338.0	3
339.0	0
339.0	1
343.0	0
343.0	1
345.0	0
345.0	1
347.0	0
347.0	2
348.0	0
348.0	1
350.0	0
350.0	1
351.0	0
351.0	2
352.0	0
352.0	1
353.0	0
353.0	1
355.0	0
355.0	1
357.0	0
357.0	1
360.0	0
360.0	1
361.0	0
361.0	1
365.0	0
365.0	1
368.0	0
368.0	1
370.0	0
370.0	1
372.0	0
372.0	1
374.0	0
374.0	4
375.0	0
375.0	1
376.0	0
376.0	2
379.0	0
379.0	3
383.0	0
383.0	2
384.0	0
384.0	1
386.0	0
386.0	1
388.0	0
388.0	1
389.0	0
389.0	2
390.0	0
390.0	3
391.0	0
391.0	1
392.0	0
392.0	1
393.0	0
393.0	1
395.0	0
395.0	1
397.0	0
397.0	1
398.0	0
398.0	1
402.0	0
402.0	1
403.0	0
403.0	2
409.0	0
409.0	1
410.0	0
410.0	1
