34.0	0
34.0	1
35.0	0
35.0	6
36.0	0
36.0	9
37.0	0
37.0	7
38.0	0
38.0	4
39.0	0
39.0	6
40.0	0
40.0	2
41.0	0
41.0	2
42.0	0
42.0	8
43.0	0
43.0	5
44.0	0
44.0	4
45.0	0
45.0	7
46.0	0
46.0	3
47.0	0
47.0	6
48.0	0
48.0	5
49.0	0
49.0	8
50.0	0
50.0	6
51.0	0
51.0	7
52.0	0
52.0	6
53.0	0
53.0	7
54.0	0
54.0	3
55.0	0
55.0	5
56.0	0
56.0	3
57.0	0
57.0	3
58.0	0
58.0	6
59.0	0
59.0	7
60.0	0
60.0	9
61.0	0
61.0	4
62.0	1
62.0	9
63.0	0
63.0	5
64.0	1
64.0	6
65.0	0
65.0	2
66.0	0
66.0	2
67.0	0
67.0	8
68.0	0
68.0	8
69.0	0
69.0	4
70.0	0
70.0	8
71.0	0
71.0	2
72.0	0
72.0	5
73.0	0
73.0	5
74.0	0
74.0	6
75.0	0
75.0	3
76.0	0
76.0	8
77.0	0
77.0	6
