100.0	0
100.0	2
101.0	0
101.0	3
102.0	0
102.0	3
104.0	0
104.0	3
105.0	0
105.0	3
106.0	0
106.0	3
107.0	0
107.0	4
108.0	0
108.0	6
109.0	0
109.0	2
110.0	0
110.0	2
111.0	0
111.0	3
112.0	0
112.0	2
113.0	0
113.0	2
114.0	0
114.0	3
115.0	0
115.0	1
117.0	0
117.0	2
118.0	0
118.0	2
119.0	0
119.0	1
120.0	0
120.0	5
121.0	0
121.0	3
122.0	0
122.0	2
123.0	0
123.0	1
124.0	0
124.0	2
125.0	0
125.0	3
126.0	0
126.0	4
127.0	0
127.0	2
128.0	0
128.0	2
129.0	0
129.0	2
130.0	0
130.0	2
131.0	0
131.0	5
134.0	0
134.0	5
135.0	0
135.0	2
136.0	0
136.0	1
137.0	0
137.0	1
138.0	1
138.0	1
139.0	0
139.0	4
140.0	0
140.0	2
141.0	0
141.0	4
142.0	0
142.0	2
144.0	0
144.0	2
145.0	0
145.0	4
146.0	0
146.0	1
147.0	0
147.0	5
148.0	0
148.0	6
149.0	0
149.0	3
150.0	0
150.0	3
151.0	0
151.0	3
152.0	0
152.0	3
153.0	0
153.0	2
154.0	0
154.0	1
155.0	0
155.0	4
156.0	0
156.0	2
157.0	0
157.0	4
158.0	0
158.0	2
159.0	0
159.0	7
160.0	1
160.0	5
161.0	0
161.0	1
162.0	0
162.0	4
165.0	0
165.0	5
166.0	0
166.0	2
167.0	0
167.0	2
169.0	0
169.0	3
170.0	0
170.0	4
171.0	0
171.0	3
172.0	0
172.0	4
173.0	0
173.0	7
174.0	0
174.0	1
175.0	0
175.0	3
176.0	0
176.0	3
177.0	0
177.0	6
178.0	0
178.0	3
179.0	0
179.0	4
180.0	0
180.0	2
94.0	0
94.0	5
95.0	0
95.0	3
96.0	0
96.0	5
98.0	0
98.0	5
99.0	0
99.0	2
